0 1
0 0
0 1
2 1
2 0
4 1
5 0
5 1
6 0
6 1
8 0
8 1
8 0
11 0
11 1
11 1
14 1
14 0
17 1
17 0
20 1
20 1
20 0
21 1
23 1
23 0
26 1
27 0
27 1
28 0
30 0
30 1
30 1
30 0
30 1
30 1
31 0
31 1
31 1
31 1
32 1
33 1
33 0
35 0
35 1
38 0
38 0
39 1
39 0
39 1
42 0
42 1
43 1
43 0
45 1
45 0
46 1
47 0
48 1
48 0
48 1
49 1
51 0
51 1
51 1
51 1
52 0
54 0
54 1
54 0
54 0
55 1
57 1
57 0
60 1
60 0
63 0
63 1
64 1
64 0
65 0
65 1
66 0
66 1
67 0
69 0
69 1
70 1
71 0
72 0
72 1
75 1
75 1
75 0
75 1
75 0
78 1
78 0
78 0
78 0
78 1
79 1
79 0
80 1
81 0
81 1
82 1
84 0
84 1
85 0
87 0
87 1
87 1
88 0
88 1
90 0
90 1
91 1
92 0
93 1
93 0
94 1
94 0
95 0
95 1
96 1
96 1
97 1
97 0
97 1
99 0
99 1
101 1
102 1
102 0
106 1
106 0
107 0
107 1
108 1
108 1
108 0
111 1
111 1
111 0
112 1
113 1
113 0
113 1
113 0
114 1
114 0
114 1
117 0
117 1
117 1
120 1
120 1
120 0
121 1
122 1
122 0
122 1
122 0
123 1
123 0
126 0
126 1
129 1
129 0
130 1
132 1
132 1
