0 0
2 1
4 1
5 1
6 1
8 1
11 1
11 1
14 1
17 1
18 1
20 0
20 1
23 1
23 1
26 1
29 1
29 1
32 1
33 1
33 1
35 1
37 0
38 1
38 1
41 1
44 1
47 1
49 1
50 1
50 1
53 1
58 1
62 0
62 1
64 1
64 1
65 1
69 0
71 1
74 1
77 1
80 1
82 1
82 1
83 1
83 1
90 1
91 1
93 1
97 1
98 1
101 1
104 1
108 1
109 1
110 1
113 1
114 1
114 1
114 1
117 1
119 0
120 1
123 1
123 1
125 1
128 1
129 1
130 1
130 1
132 1
135 1
135 1
137 0
138 1
138 1
141 1
141 1
143 0
143 1
144 1
146 0
146 1
146 1
147 1
150 1
151 1
153 1
156 1
158 0
158 0
159 1
160 1
161 1
161 1
162 1
165 1
167 1
168 1
171 1
171 1
174 1
174 0
177 1
180 1
180 1
180 1
183 0
185 0
187 1
192 1
193 1
