Wed May 20 23:04:15 +0100 2009,0:apple,1:microsoft
1032 0
1036 1
1038 1
1038 0
1040 0
1046 1
1048 0
1053 1
1055 0
1056 1
1057 0
1061 0
1066 0
1068 1
1080 1
1081 1
1085 0
1091 1
1092 1
1093 1
1093 0
1094 0
1105 1
1108 0
1122 0
1125 0
1131 0
1136 0
1136 0
1148 0
1149 0
1149 0
1157 1
1159 0
1161 0
1161 0
1162 0
1162 0
1163 0
1163 0
1168 0
1169 0
1173 1
1175 1
1177 0
1179 0
1180 1
1180 0
1180 0
1181 1
1189 0
1195 0
1196 1
1200 0
1202 0
1208 0
1211 1
1212 0
1230 1
1232 0
1232 0
1234 0
1236 0
1236 0
1246 1
1249 0
1249 1
1250 1
1250 1
1252 1
1256 0
1263 0
1266 1
1270 1
1272 0
1272 0
1272 1
1273 0
1273 1
1276 0
1276 0
1279 0
1285 0
1291 0
1292 0
1296 0
1297 1
1297 1
1299 1
1302 1
1302 1
1303 0
1305 0
1312 0
1314 1
1318 0
1322 0
1326 1
1326 0
1330 1
1331 0
1335 0
1335 0
1339 0
1340 1
1346 0
1347 0
1347 1
1352 0
1352 0
1354 1
1355 0
1358 0
1362 1
1363 1
1363 0
1367 1
1369 1
1370 0
1373 0
1375 0
1377 1
1379 1
1389 0
1391 1
1392 0
1400 0
1408 1
1409 0
1409 0
1410 1
1414 0
1416 0
1416 1
1417 0
1424 0
1424 1
1429 0
1430 1
1434 0
1434 0
1439 0
1440 1
1442 1
1444 1
1449 0
1452 0
1463 1
1463 1
1463 0
1465 1
1466 0
1470 1
1470 1
1470 0
1472 0
1474 0
1475 1
1478 1
1479 1
1480 0
1484 0
1484 1
1486 0
1486 0
1490 1
1497 0
1501 1
1502 0
1505 0
1510 0
1513 1
1521 0
1524 1
1527 1
1527 0
1527 0
1529 1
1529 0
1530 0
1532 1
1535 1
1537 0
1541 0
1553 1
1556 0
1557 0
1560 0
1561 1
1563 0
1564 1
1568 1
1570 1
1571 0
1575 0
1576 0
1576 1
1591 1
1591 1
1595 1
1596 0
1598 1
1609 0
1614 0
1617 0
1619 1
1622 0
1624 1
1624 0
1625 1
1639 0
1641 0
1643 0
1655 0
1657 0
1660 0
1663 1
1665 1
1668 0
1670 0
1670 0
1671 0
1684 1
1686 0
1689 0
1689 1
1691 1
1693 1
1697 1
1698 0
1698 0
1703 0
1705 0
1707 1
1709 0
1712 1
1716 0
1719 1
1720 0
1720 0
1721 1
1721 0
1721 0
1726 0
1728 0
1730 1
1741 1
1743 1
1745 1
1745 1
1745 1
1746 1
1748 0
1750 1
1752 0
1757 0
1758 0
1758 1
1761 0
1764 1
1765 1
1770 1
1771 1
1775 1
1776 1
1778 0
1784 0
1787 0
1797 1
1804 0
1806 0
1812 0
1824 0
1825 1
1833 0
1835 0
1836 0
1839 0
1841 0
1847 0
1850 0
1856 1
1856 1
1859 0
1868 1
1871 1
1872 0
1874 0
1875 0
1879 0
1879 0
1881 0
1881 1
1882 1
1884 1
1887 1
1887 0
1887 0
1893 1
1893 0
1901 0
1902 0
1903 0
1903 0
1906 0
1911 1
1914 0
1915 0
1921 0
1922 0
1923 0
1928 0
1932 0
1938 0
1939 1
1939 1
1940 0
1940 1
1944 0
1945 0
1953 1
1957 1
1963 1
1964 1
1967 1
1968 1
1974 0
1978 1
1979 1
1984 0
1985 0
1988 0
1988 1
1989 0
1990 1
1991 0
1995 0
1997 0
1998 0
2000 1
2001 1
2002 0
2006 1
2006 0
2009 1
2009 1
2014 1
2017 1
2020 0
2021 0
2028 1
2031 1
2031 0
2037 0
2053 0
2054 0
2056 0
2056 0
2056 0
2057 1
2061 1
2064 0
2066 0
2068 1
2070 1
2080 1
2084 0
2086 0
2087 0
2088 0
2089 0
2091 1
2095 1
2105 0
2109 0
2110 0
2117 0
2120 0
2124 1
2124 1
2125 1
2125 1
2125 1
2126 1
2131 0
2139 0
2140 1
2156 1
2160 0
2167 1
2169 0
2171 0
2171 1
2171 1
2171 0
2177 0
2178 0
2184 1
2184 0
2185 1
2186 0
2188 0
2189 1
2189 0
2190 0
2190 0
2192 1
2193 0
2195 1
2195 0
2203 1
2211 1
2211 1
2215 1
2215 0
2217 0
2218 0
2227 0
2233 1
2235 1
2236 0
2239 1
2245 0
2245 0
2247 0
2249 1
2262 0
2263 0
2269 0
2270 0
2273 0
2273 1
2284 0
2288 0
2291 0
2292 0
2294 0
2297 0
2298 0
2298 0
2304 1
2305 0
2311 1
2311 0
2312 1
2313 0
2315 0
2318 0
2320 1
2327 1
2329 0
2329 1
2343 1
2352 0
2353 1
2354 0
2355 1
2356 0
2358 1
2359 1
2374 0
2374 0
2376 1
2377 0
2379 0
2379 1
2385 1
2393 1
2394 0
2402 0
2419 0
2425 1
2428 0
2429 1
2432 1
2433 1
2433 0
2436 0
2443 1
2443 0
2452 0
2460 1
2462 0
2463 0
2463 1
2463 0
2464 1
2466 0
2471 0
2472 0
2473 1
2479 0
2483 1
2486 0
2487 0
2488 1
2491 1
2493 1
2498 0
2502 0
2509 0
2511 0
2518 1
2527 0
2529 1
2531 0
2537 1
2538 0
2542 1
2544 1
2545 1
2548 1
2551 0
2558 0
2568 1
2569 1
2569 1
2576 1
2580 0
2580 1
2583 1
2588 1
2616 1
2619 0
2619 1
2623 0
2627 0
2629 0
2633 0
2637 0
2638 1
2641 1
2646 1
2649 0
2651 0
2652 1
2653 1
2653 0
2654 1
2655 0
2655 1
2656 0
2656 1
2660 0
2664 1
2669 0
2672 1
2672 1
2680 1
2685 0
2685 0
2687 1
2690 0
2696 1
2702 0
2707 0
2709 1
2711 0
2712 0
2718 0
2718 1
2719 0
2722 0
2725 1
2726 1
2734 0
2735 0
2737 0
2740 1
2743 0
2745 0
2749 0
2750 0
2760 0
2764 0
2767 1
2775 0
2777 1
2778 0
2782 0
2784 0
2787 0
2787 0
2792 1
2792 0
2793 1
2794 0
2794 1
2803 0
2805 1
2807 0
2809 1
2812 0
2812 0
2813 0
2814 0
2814 1
2823 0
2830 0
2834 1
2836 1
2837 0
2843 1
2844 0
2853 0
2854 1
2859 0
2863 0
2863 0
2864 0
2869 0
2869 1
2873 1
2887 1
2891 0
2907 1
2908 1
2910 0
2911 1
2921 1
2924 0
2925 1
2929 0
2939 1
2943 0
2944 0
2945 0
2947 0
2952 1
2953 0
2957 1
2961 0
2965 0
2967 0
2967 1
2970 0
2971 0
2979 1
2979 0
2980 1
2980 0
2989 0
2991 0
2991 0
2993 0
2997 1
3000 1
3005 0
3008 1
3009 0
3012 1
3019 0
3024 0
3024 0
3028 1
3044 1
3044 0
3047 1
3049 0
3051 1
3054 0
3055 0
3056 1
3062 0
3063 0
3068 0
3068 0
3068 1
3069 1
3069 1
3072 0
3074 0
3079 0
3084 0
3088 1
3091 1
3096 1
3096 1
3102 1
3105 1
3113 1
3113 0
3116 0
3117 1
3122 0
3122 0
3126 0
3126 0
3130 0
3131 0
3138 0
3142 0
3145 1
3146 0
3149 1
3151 1
3154 1
3156 1
3163 0
3167 0
3169 0
3169 1
3173 1
3176 0
3181 1
3186 1
3187 1
3190 0
3191 0
3193 0
3198 0
3205 0
3206 0
3209 0
3212 1
3219 0
3221 0
3224 0
3226 1
3233 0
3236 0
3238 1
3238 0
3240 1
3240 0
3243 1
3243 0
3249 0
3253 0
3254 0
3260 0
3268 0
3272 1
3273 1
3273 1
3276 1
3278 0
3280 1
3285 0
3290 1
3301 0
3303 1
3303 1
3303 0
3303 0
3307 0
3314 0
3317 1
3324 0
3329 0
3330 0
3332 0
3338 1
3340 0
3340 1
3350 0
3352 0
3360 0
3369 1
3369 0
3375 1
3376 0
3384 1
3386 0
3389 0
3391 0
3396 1
3396 1
3397 0
3399 1
3402 0
3405 1
3406 0
3407 1
3407 1
3416 1
3416 0
3417 1
3417 0
3417 0
3423 0
3423 0
3424 0
3425 0
3426 0
3426 0
3429 0
3437 0
3440 0
3446 0
3446 1
3447 0
3454 1
3458 1
3459 0
3461 0
3462 0
3465 1
3466 0
3468 0
3471 0
3475 0
3477 1
3495 1
3498 0
3506 0
3507 1
3508 1
3510 1
3512 1
3515 1
3517 1
3519 1
3519 0
3525 0
3526 0
3553 0
3566 0
3568 0
3572 0
3573 0
3575 0
3578 0
3583 0
3585 0
3599 0
3603 0
3608 1
3611 0
3618 0
3625 0
3627 0
3633 0
3636 1
3636 1
3636 0
3641 1
3647 0
3649 0
3651 1
3658 1
3665 1
3666 0
3670 1
