Wed May 20 22:20:20 +0100 2009,0:#theapprentice,1:American Idol
0 1
1 1
3 1
9 1
10 1
10 1
11 1
11 1
13 0
14 0
16 1
16 0
20 1
20 1
23 1
23 1
24 1
31 1
36 1
37 1
38 1
41 1
43 1
48 1
55 1
55 1
56 0
59 1
62 1
65 1
67 0
68 0
71 0
71 1
77 0
78 1
81 1
82 1
84 1
84 0
84 1
86 0
87 0
88 1
92 0
93 1
96 1
96 0
97 1
99 0
104 1
104 1
107 1
107 0
107 0
108 0
108 1
108 1
113 1
114 0
115 1
115 0
115 1
116 1
123 1
125 0
127 1
127 0
130 1
135 1
136 1
137 1
137 0
138 0
138 0
140 0
140 1
142 0
143 1
145 1
145 1
145 1
146 1
146 1
146 1
150 1
151 0
151 0
153 1
155 0
158 1
158 1
160 1
161 1
166 1
167 1
169 0
169 0
170 1
171 1
175 0
175 0
183 0
186 1
186 1
187 1
187 0
187 1
190 0
193 1
195 0
196 0
196 1
198 0
200 1
203 1
204 1
206 0
206 0
208 0
211 0
212 0
212 0
213 1
218 0
219 1
220 0
220 1
222 0
224 0
225 0
225 1
226 1
227 0
227 1
228 1
230 1
230 0
233 0
236 0
237 1
238 0
240 1
243 1
245 1
248 0
249 1
251 1
253 0
256 1
257 1
257 0
257 0
259 0
260 0
260 1
262 1
266 1
268 1
271 0
271 0
274 1
278 0
279 1
290 0
296 0
297 0
303 0
305 0
306 0
322 0
332 0
341 0
360 0
372 0
372 0
380 0
382 0
388 0
392 0
394 0
400 0
402 0
409 0
410 0
411 0
411 0
435 0
448 0
451 0
452 0
454 0
455 0
457 0
463 0
469 0
497 0
503 0
509 0
516 1
517 0
520 1
522 1
523 1
524 0
525 1
525 1
526 1
528 1
528 1
528 0
533 0
533 1
535 1
535 1
537 0
539 1
539 0
540 1
541 1
542 1
544 0
548 1
550 0
552 0
553 1
555 0
555 1
557 1
557 0
558 1
559 0
560 0
561 0
561 0
561 0
564 0
567 0
569 0
569 1
569 0
569 1
570 0
570 0
572 0
573 0
575 0
575 1
578 0
578 0
579 0
581 0
581 0
582 1
583 1
583 1
584 0
584 0
585 0
586 0
587 1
587 0
587 0
589 0
593 0
594 0
596 0
596 0
597 0
602 1
602 1
605 0
610 0
610 0
611 1
612 0
615 1
615 0
616 0
617 0
619 1
619 1
619 1
620 1
620 0
622 1
625 0
626 1
628 1
629 1
629 1
631 0
634 0
634 1
635 0
637 0
639 1
640 1
641 1
641 0
642 1
645 0
645 0
647 1
650 0
655 1
656 0
660 0
661 1
661 0
664 1
668 1
669 1
670 0
672 1
673 0
675 0
676 0
676 1
676 0
677 0
681 1
681 1
682 0
682 1
689 0
689 0
691 1
692 1
694 1
696 0
698 0
700 1
702 1
707 1
708 1
709 1
709 0
711 1
716 0
716 0
717 0
719 0
719 1
721 0
721 1
722 1
723 1
724 1
724 1
727 1
730 1
734 1
735 0
738 1
740 1
740 1
744 1
747 1
748 1
748 1
749 1
750 1
751 1
752 1
752 1
754 0
756 1
757 0
758 1
760 0
760 1
761 0
763 0
766 0
768 0
769 1
769 1
769 1
771 1
771 0
773 0
774 1
777 1
777 0
779 1
781 1
789 1
790 1
791 0
791 0
793 0
804 0
805 0
820 0
832 0
834 0
836 0
842 0
844 0
850 0
853 0
853 0
856 0
860 0
866 0
879 0
880 0
882 0
887 0
890 0
896 0
897 0
898 0
901 0
910 0
915 0
938 0
943 0
949 0
957 0
963 0
973 0
975 0
980 0
982 0
984 0
985 1
987 0
993 1
994 1
996 0
996 1
996 1
998 1
999 1
1000 1
1005 1
1007 1
1007 1
1008 0
1011 1
1012 1
1012 1
1013 1
1015 1
1015 1
1015 1
1023 0
1023 1
1024 1
1024 0
1025 0
1028 0
1029 0
1033 1
1034 0
1036 1
1037 0
1037 1
1039 0
1042 1
1043 0
1046 0
1048 0
1049 0
1050 1
1050 1
1052 1
1055 1
1056 1
1057 1
1058 1
1059 1
1062 1
1064 1
1065 0
1067 0
1067 0
1068 1
1071 1
1073 1
1076 1
1076 1
1077 1
1081 0
1085 1
1088 1
1090 1
1091 1
1091 1
1092 0
1093 0
1095 0
1095 1
1096 1
1097 1
1099 1
1103 1
1104 1
1105 1
1105 1
1106 1
1106 1
1107 1
1108 1
1110 1
1112 1
1112 1
1113 1
1116 1
1118 1
1119 1
1122 1
1123 1
1124 0
1126 1
1126 1
1127 1
1129 0
1129 1
1131 1
1131 1
1135 1
1137 1
1142 1
1144 1
1145 0
1146 0
1149 0
1150 0
1151 0
1151 1
1154 0
1154 1
1157 0
1157 0
1158 1
1159 0
1161 1
1165 1
1171 1
1171 1
1175 0
1179 1
1182 0
1182 1
1184 1
1187 1
1189 1
1189 1
1189 1
1192 0
1193 1
1196 1
1199 1
1200 1
1203 1
1209 1
1210 1
1212 1
1213 1
1213 0
1214 1
1246 0
1246 0
1267 0
1273 0
1283 0
1296 0
1298 0
1298 0
1305 0
1308 0
1333 0
1367 0
1390 0
1400 0
1410 0
1412 0
1418 0
1423 0
1437 0
1444 0
1446 0
1453 0
1454 0
1459 0
1489 0
1492 0
1510 0
1525 1
1532 0
1532 1
1537 0
1540 0
1541 0
1541 1
1548 1
1551 1
1551 0
1554 1
1555 1
1556 1
1560 1
1561 1
1561 1
1562 1
1572 1
1574 1
1576 1
1578 1
1579 1
1581 0
1581 1
1586 1
1586 1
1590 1
1591 1
1593 1
1593 1
1593 1
1595 0
1595 1
1596 1
1598 1
1600 1
1601 1
1602 1
1605 1
1607 1
1613 1
1613 1
1613 1
1614 1
1616 1
1617 0
1617 1
1618 1
1619 1
1626 1
1626 1
1628 1
1628 1
1630 1
1631 1
1643 1
1646 1
1648 1
1649 1
1653 0
1653 1
1654 1
1657 1
1657 0
1658 1
1661 1
1662 1
1664 1
1671 1
1674 1
1676 1
1676 1
1677 1
1678 1
1678 0
1678 1
1683 1
1683 1
1684 1
1685 1
1688 1
1689 1
1694 1
1695 1
1697 1
1704 1
1709 1
1709 0
1710 1
1714 1
1714 0
1715 1
1717 1
1718 1
1721 1
1721 1
1722 1
1724 1
1725 0
1729 1
1729 1
1729 1
1733 0
1739 1
1744 0
1751 1
1752 1
1754 0
1758 1
1766 1
1767 0
1768 0
1769 1
1769 0
1772 0
1772 1
1776 1
1777 1
1777 1
1779 1
1781 1
1785 0
1785 1
1786 1
1789 1
1790 1
1793 1
1794 1
1795 1
1796 1
1798 1
1799 1
1804 1
1805 1
1805 1
1806 1
1806 1
1812 1
1814 1
1820 1
1820 1
1824 1
1829 1
1830 1
1832 1
1834 1
1834 0
1839 1
1840 1
1841 1
1843 1
1844 1
1847 1
1847 1
1848 1
1849 1
1851 1
1853 0
1855 0
1866 1
1867 1
1868 1
1868 0
1870 1
1872 1
1872 1
1874 1
1882 1
1883 0
1883 0
1884 1
1887 1
1892 0
1894 1
1894 1
1896 1
1897 1
1897 1
1899 1
1904 1
1905 0
1905 1
1907 1
1909 1
1910 1
1917 1
1918 1
1925 1
1926 0
1928 0
1930 0
1930 1
1932 1
1932 1
1935 1
1936 1
1937 0
1950 1
1952 1
1956 1
1958 1
1961 1
1963 0
1963 1
1964 1
1966 1
1966 0
1967 1
1970 0
1971 1
1973 0
1973 1
1973 1
1977 1
1984 1
1985 0
1985 0
1987 1
1988 1
1992 1
1993 1
1993 1
1994 1
1994 1
1996 1
1999 1
2000 1
2006 1
2008 1
2008 1
2010 1
2016 1
2018 1
2019 1
2019 1
2021 1
2021 1
2024 1
2029 1
2030 1
