Wed May 20 22:58:13 +0100 2009,0:#theapprentice,1:American Idol
0 1
0 1
2 1
2 1
5 1
5 1
5 0
12 1
13 1
14 1
15 1
15 1
16 1
16 1
17 1
20 1
20 1
23 1
26 1
27 1
30 1
35 0
41 1
43 1
48 1
49 1
53 1
57 1
57 1
58 1
62 0
62 1
66 1
69 1
72 1
72 1
74 1
80 1
82 1
87 1
87 0
88 1
90 1
90 1
90 1
93 1
95 1
99 1
100 1
107 1
111 0
113 1
113 1
115 1
118 1
118 0
123 1
132 1
138 1
139 1
142 1
144 0
147 0
148 1
154 1
155 1
157 1
159 1
160 1
162 1
162 1
162 1
165 0
169 1
174 1
175 1
180 1
182 1
190 1
190 1
192 1
192 1
194 1
194 1
194 1
196 1
199 1
199 0
199 1
202 1
205 0
206 1
206 1
206 1
210 0
212 1
212 1
215 1
218 1
220 1
224 1
225 1
231 1
232 1
236 1
238 1
241 1
242 0
243 1
244 1
250 1
251 1
252 1
252 1
252 0
257 1
259 1
260 1
265 1
272 1
273 1
273 1
274 1
276 1
277 1
278 1
279 1
280 0
282 1
284 1
294 1
295 1
296 1
308 0
319 0
324 1
324 1
325 1
328 1
344 0
349 1
349 0
351 1
358 0
362 1
363 1
364 1
364 1
364 1
364 1
365 1
366 1
369 1
369 1
370 0
371 1
373 1
375 1
376 1
377 1
378 1
380 1
386 0
387 1
388 1
389 0
389 1
389 1
393 1
393 1
393 1
394 1
398 0
406 0
409 1
410 1
410 1
413 0
413 1
414 1
415 1
415 1
417 1
419 1
424 1
427 0
428 1
432 1
432 1
432 1
432 1
436 1
436 1
443 1
446 1
446 1
448 1
449 1
449 1
459 1
460 1
465 1
466 1
466 0
466 1
466 1
468 1
470 1
476 1
478 1
479 1
481 1
482 1
483 1
484 1
486 1
487 0
489 1
493 1
498 1
499 1
499 0
502 1
502 1
502 1
503 0
504 1
505 1
511 1
512 0
512 1
513 1
514 1
518 1
523 1
523 1
524 1
526 1
526 1
526 0
528 1
531 0
534 1
535 1
537 1
538 1
542 1
544 1
545 0
547 1
547 1
548 1
551 1
557 0
557 1
559 1
560 1
564 1
567 1
568 1
570 1
571 1
576 1
576 1
577 1
579 1
579 1
581 1
581 1
582 1
587 1
587 1
592 0
592 1
592 1
592 1
594 1
599 1
599 1
601 1
606 1
609 1
609 1
611 1
615 0
616 1
617 1
618 1
621 1
624 1
625 1
627 1
628 1
629 1
631 1
632 1
633 1
633 1
633 1
636 0
640 1
654 1
655 1
656 1
656 1
658 1
659 0
661 1
662 1
665 1
666 1
668 1
675 1
676 0
677 1
677 1
679 1
681 1
685 1
686 0
688 1
689 1
692 1
693 1
693 1
694 1
697 1
700 0
703 1
706 0
708 1
714 1
716 1
717 1
717 1
719 1
721 1
724 1
725 0
728 1
731 0
732 1
733 1
734 1
735 1
737 1
737 1
740 1
744 1
746 1
750 1
754 1
756 1
759 1
763 1
766 1
768 1
769 1
769 1
769 1
770 1
773 1
777 1
780 0
781 1
782 1
783 1
785 1
785 1
786 1
787 1
788 0
788 1
791 1
793 1
794 1
794 1
796 1
798 1
800 1
804 1
806 1
807 1
808 1
810 1
811 1
812 1
823 1
823 1
825 0
826 1
826 1
827 1
828 1
830 1
832 0
833 1
833 1
833 0
834 1
838 0
843 0
843 1
845 1
854 1
856 1
862 1
865 1
867 1
873 0
874 1
880 1
881 1
881 1
882 1
886 1
886 1
887 1
888 0
891 1
895 0
896 1
897 1
898 1
898 0
899 1
900 1
900 0
900 1
901 0
907 1
907 0
908 1
908 1
910 1
910 1
916 0
916 1
916 1
923 1
924 1
925 1
926 1
928 1
929 1
929 1
929 1
935 1
937 1
938 1
940 1
940 1
942 1
942 0
944 1
944 1
946 1
947 1
951 1
952 1
955 1
955 1
955 1
962 1
972 1
974 1
974 1
976 1
980 1
982 1
982 1
983 0
989 1
992 1
998 1
1004 0
1005 1
1006 0
1006 1
1007 1
1008 1
1013 1
1016 1
1020 1
1022 1
1022 0
1023 1
1023 1
1027 1
1030 1
1030 1
1031 1
1031 1
1033 1
1033 0
1034 1
1034 1
1037 1
1038 1
1043 1
1046 1
1049 1
1051 1
1052 0
1054 1
1054 1
1054 1
1056 1
1056 1
1063 1
1066 1
1068 1
1071 0
1073 1
1077 1
1078 0
1078 0
1081 0
1084 1
1087 1
1091 1
1096 1
1097 1
1097 1
1102 0
1102 1
1106 1
1106 1
1107 1
1109 1
1110 1
1111 1
1111 1
1112 1
1113 1
1113 0
1113 1
1114 1
1116 0
1118 1
1119 1
1120 1
1126 1
1126 1
1134 1
1134 1
1137 0
1137 1
1138 1
1140 1
1142 1
1146 1
1146 1
1148 1
1152 1
1158 1
1159 1
1160 1
1160 0
1160 1
1162 1
1162 1
1167 0
1168 1
1168 1
1169 1
1174 1
1174 1
1180 1
1183 1
1185 1
1186 1
1187 1
1187 0
1187 0
1190 1
1191 1
1191 1
1194 1
1195 1
