Wed May 20 19:55:01 +0100 2009,0:Mighty Boosh,1:Flight of the Conchords
0 1
14 1
341 0
436 1
553 1
817 0
836 0
1180 1
1185 1
1198 0
1232 1
1426 0
1897 0
1978 0
2000 1
2122 0
2296 1
2433 1
2672 1
2678 0
2816 1
2966 1
3010 1
3012 1
3051 1
3146 1
3217 1
3223 1
3658 1
3761 1
4099 1
4119 1
4186 1
4263 1
4319 1
4452 1
4632 1
4693 1
4699 1
4749 1
5043 1
5184 1
5488 1
6030 1
6057 1
6127 0
6201 1
6391 1
6562 1
6651 1
6672 1
6700 1
6952 1
7072 0
7103 0
7342 1
7418 1
7501 1
7539 0
7608 1
7980 0
8066 0
8067 0
8070 0
8166 1
8263 0
8302 1
8481 1
8551 1
8643 1
8651 1
8695 1
8703 1
8860 1
8868 0
8875 1
8885 1
9214 1
9417 1
9557 1
9611 1
9811 1
10180 1
10184 1
10523 1
10574 1
10697 1
10703 1
10854 1
11122 1
11639 1
11800 1
12064 1
12410 1
12665 1
12804 1
13082 1
13096 1
13114 1
13151 1
13192 1
13321 1
13555 1
13851 1
13887 1
14167 1
14318 1
14856 0
14994 1
14995 1
15023 1
15181 1
15216 1
15278 1
15291 1
15296 1
15506 1
15528 1
15753 1
