0 1
6 1
6 1
18 1
43 1
56 1
61 1
61 1
67 1
91 1
107 1
112 1
114 1
115 1
116 1
124 1
130 1
135 1
138 1
139 1
144 1
149 1
152 1
156 1
156 1
165 1
170 1
172 1
192 1
196 1
197 1
200 1
204 1
227 1
235 1
241 1
242 1
243 1
246 1
248 1
252 1
254 1
255 1
257 1
263 1
272 1
282 1
286 1
286 1
286 1
289 1
318 1
319 1
320 1
320 1
322 1
327 1
330 1
330 1
332 1
334 0
335 0
339 0
340 0
340 0
341 0
344 1
345 1
347 0
351 1
355 0
358 1
359 0
361 0
367 1
371 1
377 0
377 0
377 0
377 0
379 1
383 0
389 0
390 0
393 1
394 0
397 0
397 0
399 0
400 0
403 0
408 0
408 0
409 0
411 1
413 0
414 0
417 1
418 0
418 1
421 0
425 0
426 1
427 0
427 1
427 1
429 0
429 1
431 0
431 0
434 1
436 1
438 1
440 0
441 1
441 0
444 1
446 0
448 0
451 0
453 0
459 0
463 0
464 1
467 0
467 1
475 1
480 1
480 0
485 0
485 1
493 0
494 0
501 1
504 1
505 0
507 1
507 0
507 0
510 0
520 1
522 1
527 1
528 0
531 1
532 1
539 0
541 1
549 0
549 0
551 0
554 1
556 1
558 0
561 1
561 1
562 1
581 0
593 0
594 0
602 0
602 0
602 0
607 0
608 0
609 0
615 0
616 0
618 0
622 0
628 0
632 0
635 0
641 0
649 0
651 0
653 0
657 0
658 0
659 0
661 0
664 0
672 0
677 0
678 0
699 0
705 0
708 0
713 0
720 0
721 0
726 0
737 0
741 0
747 0
751 0
753 0
760 0
763 0
